  PCI Segment 00 Bus 00 Device 1C Func 04 [EFI 00001C0400]
  00000000: 86 80 14 9D 07 00 10 00-F1 00 04 06 40 00 81 00  *............@...*
  00000010: 00 00 00 00 00 00 00 00-00 03 78 00 40 70 00 20  *..........x.@p. *
  00000020: 70 82 80 90 01 B0 F1 BD-00 00 00 00 00 00 00 00  *p...............*
  00000030: 00 00 00 00 40 00 00 00-00 00 00 00 FF 01 00 00  *....@...........*

  00000040: 10 80 42 01 01 80 00 00-00 00 10 00 43 48 72 05  *..B.........CHr.*
  00000050: 40 00 43 70 00 FD 24 00-00 00 40 01 00 00 00 00  *@.Cp..$...@.....*
  00000060: 00 00 00 00 37 08 00 00-00 04 00 00 0E 00 00 00  *....7...........*
  00000070: 03 00 1F 00 00 00 00 00-00 00 00 00 00 00 00 00  *................*
  00000080: 05 90 00 00 00 00 00 00-00 00 00 00 00 00 00 00  *................*
  00000090: 0D A0 00 00 86 80 70 72-00 00 00 00 00 00 00 00  *......pr........*
  000000A0: 01 00 03 C8 00 00 00 00-00 00 00 00 00 00 00 00  *................*
  000000B0: 00 00 00 00 00 00 00 00-00 00 00 00 00 00 00 00  *................*
  000000C0: 00 00 00 00 00 00 00 00-00 00 00 00 00 00 00 00  *................*
  000000D0: 01 10 00 07 42 18 00 00-08 00 9E 0B 00 00 00 00  *....B...........*
  000000E0: 00 F7 F3 00 F6 8B 60 0C-16 80 12 00 00 00 00 00  *......`.........*
  000000F0: 50 01 00 00 00 00 00 40-B3 0F 30 08 04 C0 00 01  *P......@..0.....*

Start dumping PCIex extended configuration space (0x100 - 0xFFF).

  00000100: 00 00 00 14 00 00 00 00-00 00 01 00 11 00 06 00  *................*
  00000110: 00 00 00 00 00 20 00 00-00 00 00 00 00 00 00 00  *..... ..........*
  00000120: 00 00 00 00 00 00 00 00-00 00 00 00 00 00 00 00  *................*
  00000130: 00 00 00 00 00 00 00 00-00 00 00 00 00 00 00 00  *................*
  00000140: 0D 00 01 22 0F 00 00 00-00 00 00 00 00 00 00 00  *..."............*
  00000150: 00 00 00 00 00 00 00 00-00 00 00 00 00 00 00 00  *................*
  00000160: 00 00 00 00 00 00 00 00-00 00 00 00 00 00 00 00  *................*
  00000170: 00 00 00 00 00 00 00 00-00 00 00 00 00 00 00 00  *................*
  00000180: 00 00 00 00 00 00 00 00-00 00 00 00 00 00 00 00  *................*
  00000190: 00 00 00 00 00 00 00 00-00 00 00 00 00 00 00 00  *................*
  000001A0: 00 00 00 00 00 00 00 00-00 00 00 00 00 00 00 00  *................*
  000001B0: 00 00 00 00 00 00 00 00-00 00 00 00 00 00 00 00  *................*
  000001C0: 00 00 00 00 00 00 00 00-00 00 00 00 00 00 00 00  *................*
  000001D0: 00 00 00 00 00 00 00 00-00 00 00 00 00 00 00 00  *................*
  000001E0: 00 00 00 00 00 00 00 00-00 00 00 00 00 00 00 00  *................*
  000001F0: 00 00 00 00 00 00 00 00-00 00 00 00 00 00 00 00  *................*
  00000200: 00 00 00 00 00 28 28 00-00 00 00 00 28 00 00 00  *.....((.....(...*
  00000210: 00 00 00 00 00 00 00 00-00 00 00 00 00 00 00 00  *................*
  00000220: 19 00 01 00 00 00 00 00-00 00 00 00 77 75 77 75  *............wuwu*
  00000230: 77 75 77 75 00 00 00 00-00 00 00 00 00 00 00 00  *wuwu............*
  00000240: 00 00 00 00 00 00 00 00-00 00 00 00 00 00 00 00  *................*
  00000250: 00 00 00 00 00 00 00 00-00 00 00 00 00 00 00 00  *................*
  00000260: 00 00 00 00 00 00 00 00-00 00 00 00 00 00 00 00  *................*
  00000270: 00 00 00 00 00 00 00 00-00 00 00 00 00 00 00 00  *................*
  00000280: 00 00 00 00 00 00 00 00-00 00 00 00 00 00 00 00  *................*
  00000290: 00 00 00 00 00 00 00 00-00 00 00 00 00 00 00 00  *................*
  000002A0: 00 00 00 00 00 00 00 00-00 00 00 00 00 00 00 00  *................*
  000002B0: 00 00 00 00 00 00 00 00-00 00 00 00 00 00 00 00  *................*
  000002C0: 00 00 00 00 00 00 00 00-00 00 00 00 00 00 00 00  *................*
  000002D0: 00 00 00 00 00 00 00 00-00 00 00 00 00 00 00 00  *................*
  000002E0: 00 00 00 00 00 00 00 00-00 00 00 00 00 00 00 00  *................*
  000002F0: 00 00 00 00 00 00 00 00-00 00 00 00 00 00 00 00  *................*
  00000300: A7 5F B7 00 97 0C C0 1B-00 00 00 00 00 00 00 00  *._..............*
  00000310: 00 00 00 00 38 3F 70 7E-00 00 14 14 D9 23 6A 05  *....8?p~.....#j.*
  00000320: DB 60 D9 69 A0 60 61 08-A8 FB 38 33 A7 9B 05 03  *.`.i.`a...83....*
  00000330: 16 00 00 2A BC B5 BC 4A-72 01 00 30 00 00 00 00  *...*...Jr..0....*
  00000340: B2 00 B2 00 C2 00 BA 00-77 0A 3F 00 C5 03 F7 00  *........w.?.....*
  00000350: CD 03 FF 00 01 00 2F 00-68 02 FF 00 68 04 3F 00  *....../.h...h.?.*
  00000360: 00 00 00 00 00 00 00 00-00 00 00 00 00 00 00 00  *................*
  00000370: 00 00 00 00 00 00 00 00-00 00 00 00 00 00 00 00  *................*
  00000380: 00 00 00 00 00 00 00 00-00 00 00 00 00 00 00 00  *................*
  00000390: 00 00 00 00 00 00 00 00-00 00 00 00 00 00 00 00  *................*
  000003A0: 00 00 00 00 00 00 00 00-00 00 00 00 00 00 00 00  *................*
  000003B0: 00 00 00 00 00 00 00 00-00 00 00 00 00 00 00 00  *................*
  000003C0: 00 00 00 00 00 00 00 00-00 00 00 00 00 00 00 00  *................*
  000003D0: 00 00 00 00 00 00 00 00-00 00 00 00 00 00 00 00  *................*
  000003E0: 00 00 00 00 00 00 00 00-00 00 00 00 00 00 00 00  *................*
  000003F0: 00 00 00 00 00 00 00 00-00 00 00 00 00 00 00 00  *................*
  00000400: 00 00 00 00 00 00 00 00-00 00 00 00 00 00 00 00  *................*
  00000410: 00 00 00 00 00 00 00 00-30 09 00 00 00 00 00 00  *........0.......*
  00000420: 47 81 AC E2 F0 59 00 00-28 00 00 00 55 55 15 14  *G....Y..(...UU..*
  00000430: 54 00 00 00 00 00 00 00-00 00 00 00 00 00 00 00  *T...............*
  00000440: 00 00 00 00 00 00 00 00-00 00 00 00 00 00 00 00  *................*
  00000450: 82 91 81 02 82 20 08 82-82 20 00 00 00 00 00 00  *..... ... ......*
  00000460: 00 00 00 00 00 00 00 00-00 0E 08 A0 00 00 00 00  *................*
  00000470: 00 00 00 00 00 00 00 00-2C 3D 00 28 01 A0 00 00  *........,=.(....*
  00000480: 00 00 00 00 00 00 00 00-00 00 00 00 00 00 00 00  *................*
  00000490: 00 00 00 00 00 00 00 00-00 00 00 00 00 00 00 00  *................*
  000004A0: 00 00 00 00 00 00 00 00-00 00 00 00 00 00 00 00  *................*
  000004B0: 00 00 00 00 00 00 00 00-00 00 00 00 00 00 00 00  *................*
  000004C0: 00 00 00 00 00 00 00 00-00 00 00 00 00 00 00 00  *................*
  000004D0: 00 00 00 00 00 00 00 00-00 00 00 00 00 00 00 00  *................*
  000004E0: 00 00 00 00 00 00 00 00-00 00 00 00 00 00 00 00  *................*
  000004F0: 00 00 00 00 00 00 00 00-00 00 00 00 00 00 00 00  *................*
  00000500: 18 80 6C 00 85 06 18 1C-00 01 02 00 DD 00 70 04  *..l...........p.*
  00000510: C0 35 18 18 04 B1 15 00-16 A0 00 00 0A 20 09 1B  *.5........... ..*
  00000520: 18 80 6C 00 85 06 18 1C-00 01 02 00 DD 00 70 04  *..l...........p.*
  00000530: C0 35 18 18 04 B1 15 00-16 A0 00 00 0A 20 09 1B  *.5........... ..*
  00000540: 18 80 6C 00 85 06 18 1C-00 01 02 00 DD 00 70 04  *..l...........p.*
  00000550: C0 35 18 18 04 B1 15 00-16 A0 00 00 0A 20 09 1B  *.5........... ..*
  00000560: 18 80 6C 00 85 06 18 1C-00 01 02 00 DD 00 70 04  *..l...........p.*
  00000570: C0 35 18 18 04 B1 15 00-16 A0 00 00 0A 20 09 1B  *.5........... ..*
  00000580: 00 00 00 00 00 00 00 00-00 00 00 00 00 00 00 00  *................*
  00000590: 00 00 00 00 00 00 00 00-00 00 00 00 00 00 00 00  *................*
  000005A0: 00 00 00 00 00 00 00 00-00 00 00 00 00 00 00 00  *................*
  000005B0: 00 00 00 00 00 00 00 00-00 00 00 00 00 00 00 00  *................*
  000005C0: 00 00 00 00 00 00 00 00-00 00 00 00 00 00 00 00  *................*
  000005D0: 00 00 00 00 00 00 00 00-00 00 00 00 00 00 00 00  *................*
  000005E0: 00 00 00 00 00 00 00 00-00 00 00 00 00 00 00 00  *................*
  000005F0: 00 00 00 00 00 00 00 00-00 00 00 00 00 00 00 00  *................*
  00000600: 00 00 00 00 00 00 00 00-00 00 00 00 00 00 00 00  *................*
  00000610: 00 00 00 00 00 00 00 00-00 00 00 00 00 00 00 00  *................*
  00000620: 00 00 00 00 00 00 00 00-00 00 00 00 00 00 00 00  *................*
  00000630: 00 00 00 00 00 00 00 00-00 00 00 00 00 00 00 00  *................*
  00000640: 00 00 00 00 00 00 00 00-00 00 00 00 00 00 00 00  *................*
  00000650: 00 00 00 00 00 00 00 00-00 00 00 00 00 00 00 00  *................*
  00000660: 00 00 00 00 00 00 00 00-00 00 00 00 00 00 00 00  *................*
  00000670: 00 00 00 00 00 00 00 00-00 00 00 00 00 00 00 00  *................*
  00000680: 00 00 00 00 00 00 00 00-00 00 00 00 00 00 00 00  *................*
  00000690: 00 00 00 00 00 00 00 00-00 00 00 00 00 00 00 00  *................*
  000006A0: 00 00 00 00 00 00 00 00-00 00 00 00 00 00 00 00  *................*
  000006B0: 00 00 00 00 00 00 00 00-00 00 00 00 00 00 00 00  *................*
  000006C0: 00 00 00 00 00 00 00 00-00 00 00 00 00 00 00 00  *................*
  000006D0: 00 00 00 00 00 00 00 00-00 00 00 00 00 00 00 00  *................*
  000006E0: 00 00 00 00 00 00 00 00-00 00 00 00 00 00 00 00  *................*
  000006F0: 00 00 00 00 00 00 00 00-00 00 00 00 00 00 00 00  *................*
  00000700: 00 00 00 00 00 00 00 00-00 00 00 00 00 00 00 00  *................*
  00000710: 00 00 00 00 00 00 00 00-00 00 00 00 00 00 00 00  *................*
  00000720: 00 00 00 00 00 00 00 00-00 00 00 00 00 00 00 00  *................*
  00000730: 00 00 00 00 00 00 00 00-00 00 00 00 00 00 00 00  *................*
  00000740: 00 00 00 00 00 00 00 00-00 00 00 00 00 00 00 00  *................*
  00000750: 00 00 00 00 00 00 00 00-00 00 00 00 00 00 00 00  *................*
  00000760: 00 00 00 00 00 00 00 00-00 00 00 00 00 00 00 00  *................*
  00000770: 00 00 00 00 00 00 00 00-00 00 00 00 00 00 00 00  *................*
  00000780: 00 00 00 00 00 00 00 00-00 00 00 00 00 00 00 00  *................*
  00000790: 00 00 00 00 00 00 00 00-00 00 00 00 00 00 00 00  *................*
  000007A0: 00 00 00 00 00 00 00 00-00 00 00 00 00 00 00 00  *................*
  000007B0: 00 00 00 00 00 00 00 00-00 00 00 00 00 00 00 00  *................*
  000007C0: 00 00 00 00 00 00 00 00-00 00 00 00 00 00 00 00  *................*
  000007D0: 00 00 00 00 00 00 00 00-00 00 00 00 00 00 00 00  *................*
  000007E0: 00 00 00 00 00 00 00 00-00 00 00 00 00 00 00 00  *................*
  000007F0: 00 00 00 00 00 00 00 00-00 00 00 00 00 00 00 00  *................*
  00000800: 00 00 00 00 03 00 00 00-01 00 00 00 00 00 00 00  *................*
  00000810: 00 00 00 00 00 00 00 00-00 00 00 00 00 00 00 00  *................*
  00000820: 00 00 00 00 00 00 00 00-00 00 00 00 00 00 00 00  *................*
  00000830: 00 00 00 00 00 00 00 00-00 00 00 00 00 00 00 00  *................*
  00000840: 00 00 00 00 00 00 00 00-00 00 00 00 00 00 00 00  *................*
  00000850: 00 00 00 00 00 00 00 00-00 00 00 00 00 00 00 00  *................*
  00000860: 00 00 00 00 00 00 00 00-00 00 00 00 00 00 00 00  *................*
  00000870: 00 00 00 00 00 00 00 00-00 00 00 00 00 00 00 00  *................*
  00000880: 00 00 00 00 00 00 00 00-00 00 00 00 00 00 00 00  *................*
  00000890: 00 00 00 00 00 00 00 00-00 00 00 00 00 00 00 00  *................*
  000008A0: 00 00 00 00 00 00 00 00-00 00 00 00 00 00 00 00  *................*
  000008B0: 00 00 00 00 00 00 00 00-00 00 00 00 00 00 00 00  *................*
  000008C0: 00 00 00 00 00 00 00 00-00 00 00 00 00 00 00 00  *................*
  000008D0: 00 00 00 00 00 00 00 00-00 00 00 00 00 00 00 00  *................*
  000008E0: 00 00 00 00 00 00 00 00-00 00 00 00 00 00 00 00  *................*
  000008F0: 00 00 00 00 00 00 00 00-00 00 00 00 00 00 00 00  *................*
  00000900: 06 B0 C4 0C 96 0F 64 07-00 00 00 00 00 00 00 00  *......d.........*
  00000910: 00 00 00 00 00 00 00 00-00 00 06 40 00 00 00 00  *...........@....*
  00000920: 00 00 00 00 00 00 00 00-00 00 00 00 00 00 00 00  *................*
  00000930: 00 00 00 00 00 00 00 00-00 00 00 00 00 00 00 00  *................*
  00000940: 00 00 00 00 00 00 00 00-00 00 00 00 00 00 00 00  *................*
  00000950: 00 00 00 00 00 00 00 00-00 00 00 00 00 00 00 00  *................*
  00000960: 00 00 00 00 00 00 00 00-00 00 00 00 00 00 00 00  *................*
  00000970: 00 00 00 00 00 00 00 00-00 00 00 00 00 00 00 00  *................*
  00000980: 00 00 00 00 00 00 00 00-00 00 00 00 00 00 00 00  *................*
  00000990: 00 00 00 00 00 00 00 00-00 00 00 00 00 00 00 00  *................*
  000009A0: 00 00 00 00 00 00 00 00-00 00 00 00 00 00 00 00  *................*
  000009B0: 00 00 00 00 00 00 00 00-00 00 00 00 00 00 00 00  *................*
  000009C0: 00 00 00 00 00 00 00 00-00 00 00 00 00 00 00 00  *................*
  000009D0: 00 00 00 00 00 00 00 00-00 00 00 00 00 00 00 00  *................*
  000009E0: 00 00 00 00 00 00 00 00-00 00 00 00 00 00 00 00  *................*
  000009F0: 00 00 00 00 00 00 00 00-00 00 00 00 00 00 00 00  *................*
  00000A00: 00 00 00 00 00 00 00 00-00 00 00 00 00 00 00 00  *................*
  00000A10: 00 00 00 00 00 00 00 00-00 00 00 00 00 00 00 00  *................*
  00000A20: 00 00 00 00 00 00 00 00-00 00 00 00 00 00 00 00  *................*
  00000A30: 00 00 00 00 00 00 00 00-00 00 00 00 00 00 00 00  *................*
  00000A40: 00 00 00 00 00 00 00 00-00 00 00 00 00 00 00 00  *................*
  00000A50: 00 00 00 00 00 00 00 00-00 00 00 00 00 00 00 00  *................*
  00000A60: 00 00 00 00 00 00 00 00-00 00 00 00 00 00 00 00  *................*
  00000A70: 00 00 00 00 00 00 00 00-00 00 00 00 00 00 00 00  *................*
  00000A80: 00 00 00 00 00 00 00 00-00 00 00 00 00 00 00 00  *................*
  00000A90: 00 00 00 00 00 00 00 00-00 00 00 00 00 00 00 00  *................*
  00000AA0: 00 00 00 00 00 00 00 00-00 00 00 00 00 00 00 00  *................*
  00000AB0: 00 00 00 00 00 00 00 00-00 00 00 00 00 00 00 00  *................*
  00000AC0: 00 00 00 00 00 00 00 00-00 00 00 00 00 00 00 00  *................*
  00000AD0: 00 00 00 00 00 00 00 00-00 00 00 00 00 00 00 00  *................*
  00000AE0: 00 00 00 00 00 00 00 00-00 00 00 00 00 00 00 00  *................*
  00000AF0: 00 00 00 00 00 00 00 00-00 00 00 00 00 00 00 00  *................*
  00000B00: 00 00 00 00 00 00 00 00-00 00 00 00 00 00 00 00  *................*
  00000B10: 00 00 00 00 00 00 00 00-00 00 00 00 00 00 00 00  *................*
  00000B20: 00 00 00 00 00 00 00 00-00 00 00 00 00 00 00 00  *................*
  00000B30: 00 00 00 00 00 00 00 00-00 00 00 00 00 00 00 00  *................*
  00000B40: 00 00 00 00 00 00 00 00-00 00 00 00 00 00 00 00  *................*
  00000B50: 00 00 00 00 00 00 00 00-00 00 00 00 00 00 00 00  *................*
  00000B60: 00 00 00 00 00 00 00 00-00 00 00 00 00 00 00 00  *................*
  00000B70: 00 00 00 00 00 00 00 00-00 00 00 00 00 00 00 00  *................*
  00000B80: 00 00 00 00 00 00 00 00-00 00 00 00 00 00 00 00  *................*
  00000B90: 00 00 00 00 00 00 00 00-00 00 00 00 00 00 00 00  *................*
  00000BA0: 00 00 00 00 00 00 00 00-00 00 00 00 00 00 00 00  *................*
  00000BB0: 00 00 00 00 00 00 00 00-00 00 00 00 00 00 00 00  *................*
  00000BC0: 00 00 00 00 00 00 00 00-00 00 00 00 00 00 00 00  *................*
  00000BD0: 00 00 00 00 00 00 00 00-00 00 00 00 00 00 00 00  *................*
  00000BE0: 00 00 00 00 00 00 00 00-00 00 00 00 00 00 00 00  *................*
  00000BF0: 00 00 00 00 00 00 00 00-00 00 00 00 00 00 00 00  *................*
  00000C00: 00 00 00 00 00 00 00 00-00 00 00 00 00 00 00 00  *................*
  00000C10: 00 00 00 00 00 00 00 00-00 00 00 00 00 00 00 00  *................*
  00000C20: 00 00 00 00 00 00 00 00-00 00 00 00 00 00 00 00  *................*
  00000C30: 00 00 00 00 00 00 00 00-00 00 00 00 00 00 00 00  *................*
  00000C40: 00 00 00 00 00 00 00 00-00 00 00 00 00 00 00 00  *................*
  00000C50: 00 00 00 00 00 00 00 00-00 00 00 00 00 00 00 00  *................*
  00000C60: 00 00 00 00 00 00 00 00-00 00 00 00 00 00 00 00  *................*
  00000C70: 00 00 00 00 00 00 00 00-00 00 00 00 00 00 00 00  *................*
  00000C80: 00 00 00 00 00 00 00 00-00 00 00 00 00 00 00 00  *................*
  00000C90: 00 00 00 00 00 00 00 00-00 00 00 00 00 00 00 00  *................*
  00000CA0: 00 00 00 00 00 00 00 00-00 00 00 00 00 00 00 00  *................*
  00000CB0: 00 00 00 00 00 00 00 00-00 00 00 00 00 00 00 00  *................*
  00000CC0: 00 00 00 00 00 00 00 00-00 00 00 00 00 00 00 00  *................*
  00000CD0: 00 00 00 00 00 00 00 00-00 00 00 00 00 00 00 00  *................*
  00000CE0: 00 00 00 00 00 00 00 00-00 00 00 00 00 00 00 00  *................*
  00000CF0: 00 00 00 00 00 00 00 00-00 00 00 00 00 00 00 00  *................*
  00000D00: 00 00 00 00 00 00 00 00-00 00 00 00 00 00 00 00  *................*
  00000D10: 00 00 00 00 00 00 00 00-00 00 00 00 00 00 00 00  *................*
  00000D20: 00 00 00 00 00 00 00 00-00 00 00 00 00 00 00 00  *................*
  00000D30: 00 00 00 00 00 00 00 00-00 00 00 00 00 00 00 00  *................*
  00000D40: 00 00 00 00 00 00 00 00-00 00 00 00 00 00 00 00  *................*
  00000D50: 00 00 00 00 00 00 00 00-00 00 00 00 00 00 00 00  *................*
  00000D60: 00 00 00 00 00 00 00 00-00 00 00 00 00 00 00 00  *................*
  00000D70: 00 00 00 00 00 00 00 00-00 00 00 00 00 00 00 00  *................*
  00000D80: 00 00 00 00 00 00 00 00-00 00 00 00 00 00 00 00  *................*
  00000D90: 00 00 00 00 00 00 00 00-00 00 00 00 00 00 00 00  *................*
  00000DA0: 00 00 00 00 00 00 00 00-00 00 00 00 00 00 00 00  *................*
  00000DB0: 00 00 00 00 00 00 00 00-00 00 00 00 00 00 00 00  *................*
  00000DC0: 00 00 00 00 00 00 00 00-00 00 00 00 00 00 00 00  *................*
  00000DD0: 00 00 00 00 00 00 00 00-00 00 00 00 00 00 00 00  *................*
  00000DE0: 00 00 00 00 00 00 00 00-00 00 00 00 00 00 00 00  *................*
  00000DF0: 00 00 00 00 00 00 00 00-00 00 00 00 00 00 00 00  *................*
  00000E00: 00 00 00 00 00 00 00 00-00 00 00 00 00 00 00 00  *................*
  00000E10: 00 00 00 00 00 00 00 00-00 00 00 00 00 00 00 00  *................*
  00000E20: 00 00 00 00 00 00 00 00-00 00 00 00 00 00 00 00  *................*
  00000E30: 00 00 00 00 00 00 00 00-00 00 00 00 00 00 00 00  *................*
  00000E40: 00 00 00 00 00 00 00 00-00 00 00 00 00 00 00 00  *................*
  00000E50: 00 00 00 00 00 00 00 00-00 00 00 00 00 00 00 00  *................*
  00000E60: 00 00 00 00 00 00 00 00-00 00 00 00 00 00 00 00  *................*
  00000E70: 00 00 00 00 00 00 00 00-00 00 00 00 00 00 00 00  *................*
  00000E80: 00 00 00 00 00 00 00 00-00 00 00 00 00 00 00 00  *................*
  00000E90: 00 00 00 00 00 00 00 00-00 00 00 00 00 00 00 00  *................*
  00000EA0: 00 00 00 00 00 00 00 00-00 00 00 00 00 00 00 00  *................*
  00000EB0: 00 00 00 00 00 00 00 00-00 00 00 00 00 00 00 00  *................*
  00000EC0: 00 00 00 00 00 00 00 00-00 00 00 00 00 00 00 00  *................*
  00000ED0: 00 00 00 00 00 00 00 00-00 00 00 00 00 00 00 00  *................*
  00000EE0: 00 00 00 00 00 00 00 00-00 00 00 00 00 00 00 00  *................*
  00000EF0: 00 00 00 00 00 00 00 00-00 00 00 00 00 00 00 00  *................*
  00000F00: 00 00 00 00 00 00 00 00-00 00 00 00 00 00 00 00  *................*
  00000F10: 00 00 00 00 00 00 00 00-00 00 00 00 00 00 00 00  *................*
  00000F20: 00 00 00 00 00 00 00 00-00 00 00 00 00 00 00 00  *................*
  00000F30: 00 00 00 00 00 00 00 00-00 00 00 00 00 00 00 00  *................*
  00000F40: 00 00 00 00 00 00 00 00-00 00 00 00 00 00 00 00  *................*
  00000F50: 00 00 00 00 00 00 00 00-00 00 00 00 00 00 00 00  *................*
  00000F60: 00 00 00 00 00 00 00 00-00 00 00 00 00 00 00 00  *................*
  00000F70: 00 00 00 00 00 00 00 00-00 00 00 00 00 00 00 00  *................*
  00000F80: 00 00 00 00 00 00 00 00-00 00 00 00 00 00 00 00  *................*
  00000F90: 00 00 00 00 00 00 00 00-00 00 00 00 00 00 00 00  *................*
  00000FA0: 00 00 00 00 00 00 00 00-00 00 00 00 00 00 00 00  *................*
  00000FB0: 00 00 00 00 00 00 00 00-00 00 00 00 00 00 00 00  *................*
  00000FC0: 00 00 00 00 00 00 00 00-00 00 00 00 00 00 00 00  *................*
  00000FD0: 00 00 00 00 00 00 00 00-00 00 00 00 00 00 00 00  *................*
  00000FE0: 00 00 00 00 00 00 00 00-00 00 00 00 00 00 00 00  *................*
  00000FF0: 00 00 00 00 00 00 00 00-00 00 00 00 00 00 00 00  *................*

Vendor ID(0): 8086     Device ID(2): 9D14
Command(4): 0007
  (00)I/O space access enabled:       1  (01)Memory space access enabled:    1
  (02)Behave as bus master:           1  (03)Monitor special cycle enabled:  0
  (04)Mem Write & Invalidate enabled: 0  (05)Palette snooping is enabled:    0
  (06)Assert PERR# when parity error: 0  (07)Do address/data stepping:       0
  (08)SERR# driver enabled:           0  (09)Fast back-to-back transact...:  0

Status(6): 0010
  (04)New Capabilities linked list:   1  (05)66MHz Capable:                  0
  (07)Fast Back-to-Back Capable:      0  (08)Master Data Parity Error:       0
  (09)DEVSEL timing:               Fast  (11)Signaled Target Abort:          0
  (12)Received Target Abort:          0  (13)Received Master Abort:          0
  (14)Signaled System Error:          0  (15)Detected Parity Error:          0

Revision ID(8): F1 BIST(0F):  Incapable
Cache Line Size(C): 40                 Latency Timer(D): 00
Header Type(0E):    81, Multi-function, P2P bridge
Class: Bridge Device - PCI/PCI bridge - 

Pci Express device capability structure:
CapID( 0):          10            NextCap Ptr( 1):    80
Cap Register( 2):             0142
  Capability Version(3:0):          0x0002
  Device/PortType(7:4):             Root Port of PCI Express Root Complex
  Slot Implemented(8):              1
  Interrupt Message Number(13:9):   0x00000
Device Capabilities( 4):      00008001
  Max_Payload_Size Supported(2:0):          256 bytes
  Phantom Functions Supported(4:3):         0
  Extended Tag Field Supported(5):          5-bit Tag field supported
  Role-based Error Reporting(15):           1
Device Control( 8):           0000
  Correctable Error Reporting Enable(0):    0
  Non-Fatal Error Reporting Enable(1):      0
  Fatal Error Reporting Enable(2):          0
  Unsupported Request Reporting Enable(3):  0
  Enable Relaxed Ordering(4):               0
  Max_Payload_Size(7:5):                    128 bytes
  Extended Tag Field Enable(8):             0
  Phantom Functions Enable(9):              0
  Auxiliary (AUX) Power PM Enable(10):      0
  Enable No Snoop(11):                      0
  Max_Read_Request_Size(14:12):             128 bytes
Device Status( A):            0010
  Correctable Error Detected(0):            0
  Non-Fatal Error Detected(1):              0
  Fatal Error Detected(2):                  0
  Unsupported Request Detected(3):          0
  AUX Power Detected(4):                    1
  Transactions Pending(5):                  0
Link Capabilities( C):        05724843
  Maximum Link Speed(3:0):                            8.0 GT/s
  Maximum Link Width(9:4):                            x4
  Active State Power Management Support(11:10):       L1 Supported
  L0s Exit Latency(14:12):                            512ns to less than 1us
  L1 Exit Latency(17:15):                             8us to less than 16us
  Clock Power Management(18):                         0
  Surprise Down Error Reporting Capable(19):          0
  Data Link Layer Link Active Reporting Capable(20):  1
  Link Bandwidth Notification Capability(21):         1
  Port Number(31:24):                                 0x05
Link Control(10):             0040
  Active State Power Management Control(1:0):         Disabled
  Read Completion Boundary (RCB)(3):                  64 byte
  Link Disable(4):                                    0
  Common Clock Configuration(6):                      1
  Extended Synch(7):                                  0
  Enable Clock Power Management(8):                   0
  Hardware Autonomous Width Disable(9):               0
  Link Bandwidth Management Interrupt Enable(10):     0
  Link Autonomous Bandwidth Interrupt Enable(11):     0
Link Status(12):              7043
  Current Link Speed(3:0):                            8.0 GT/s
  Negotiated Link Width(9:4):                         x4
  Link Training(11):                                  0
  Slot Clock Configuration(12):                       1
  Data Link Layer Link Active(13):                    1
  Link Bandwidth Management Status(14):               1
  Link Autonomous Bandwidth Status(15):               0
Slot Capabilities(14):        0024FD00
  Attention Button Present(0):                        0
  Power Controller Present(1):                        0
  MRL Sensor Present(2):                              0
  Attention Indicator Present(3):                     0
  Power Indicator Present(4):                         0
  Hot-Plug Surprise(5):                               0
  Hot-Plug Capable(6):                                0
  Slot Power Limit Value(14:7):                       0xFA
  Slot Power Limit Scale(16:15):                      0.1x
  Electromechanical Interlock Present(17):            0
  No Command Completed Support(18):                   1
  Physical Slot Number(31:19):                        4
Slot Control(18):             0000
  Attention Button Pressed Enable(0):                 0
  Power Fault Detected Enable(1):                     0
  MRL Sensor Changed Enable(2):                       0
  Presence Detect Changed Enable(3):                  0
  Command Completed Interrupt Enable(4):              0
  Hot-Plug Interrupt Enable(5):                       0
  Attention Indicator Control(7:6):                   Reserved
  Power Indicator Control(9:8):                       Reserved
  Power Controller Control(10):                       Power On
  Electromechanical Interlock Control(11):            0
  Data Link Layer State Changed Enable(12):           0
Slot Status(1A):              0140
  Attention Button Pressed(0):           0
  Power Fault Detected(1):               0
  MRL Sensor Changed(2):                 0
  Presence Detect Changed(3):            0
  Command Completed(4):                  0
  MRL Sensor State(5):                   MRL  Closed
  Presence Detect State(6):              Card Present in slot
  Electromechanical Interlock Status(7): Electromechanical Interlock Disengaged
  Data Link Layer State Changed(8):      1
Root Control(1C):             0000
  System Error on Correctable Error Enable(0):  0
  System Error on Non-Fatal Error Enable(1):    0
  System Error on Fatal Error Enable(2):        0
  PME Interrupt Enable(3):                      0
  CRS Software Visibility Enable(4):            0
Root Capabilities(1E):        0000
  CRS Software Visibility(0):                   0
Root Status(20):              00000000
  PME Requester ID(15:0):                       0x0000
  PME Status(16):                               0
  PME Pending(17):                              0
